6.570000000000000000e+02
1.964000000000000000e+03
5.040000000000000000e+03
6.794000000000000000e+03
8.549000000000000000e+03
9.865000000000000000e+03
1.271600000000000000e+04
1.337300000000000000e+04
1.447700000000000000e+04
1.534800000000000000e+04
1.841600000000000000e+04
1.929900000000000000e+04
2.083600000000000000e+04
2.325200000000000000e+04
2.521600000000000000e+04
2.588800000000000000e+04
2.654500000000000000e+04
2.852200000000000000e+04
3.137200000000000000e+04
3.421500000000000000e+04
3.575000000000000000e+04
3.793700000000000000e+04
3.860600000000000000e+04
4.167800000000000000e+04
4.452100000000000000e+04
4.627900000000000000e+04
4.780900000000000000e+04
5.022900000000000000e+04
5.329300000000000000e+04
5.461700000000000000e+04
5.724600000000000000e+04
6.206900000000000000e+04
